1.192546 16 40 1
1.155977 32 40 1
1.192389 64 40 1
1.169496 128 40 1
1.191150 256 40 1
1.195210 512 40 1
1.201988 1024 40 1
2.636253 16 40 2
3.825640 32 40 2
5.397856 64 40 2
7.668680 128 40 2
10.690264 256 40 2
15.047226 512 40 2
21.120224 1024 40 2
4.378311 16 40 3
7.085041 32 40 3
11.206955 64 40 3
17.568094 128 40 3
27.568623 256 40 3
43.360828 512 40 3
68.033607 1024 40 3
6.151603 16 40 4
10.218206 32 40 4
17.060650 64 40 4
28.570501 128 40 4
47.116905 256 40 4
78.192017 512 40 4
129.956268 1024 40 4
1.196151 2048 20 1
1.202160 4096 20 1
1.204306 8192 20 1
1.202383 16384 20 1
29.682455 2048 20 2
41.781822 4096 20 2
59.009308 8192 20 2
83.204727 16384 20 2
107.155296 2048 20 3
169.317596 4096 20 3
267.307922 8192 20 3
422.261292 16384 20 3
216.419800 2048 20 4
361.102539 4096 20 4
602.558472 8192 20 4
1008.706238 16384 20 4
1.206367 32768 5 1
1.199395 65536 5 1
1.201541 131072 5 1
1.203478 262144 5 1
117.390831 32768 5 2
165.955841 65536 5 2
234.616821 131072 5 2
331.604065 262144 5 2
669.246887 32768 5 3
1058.600586 65536 5 3
1677.853882 131072 5 3
2658.322998 262144 5 3
1688.575806 32768 5 4
2827.478027 65536 5 4
4739.936035 131072 5 4
7952.416504 262144 5 4
