1.078387 16 40 1
1.132865 32 40 1
1.178645 64 40 1
1.208224 128 40 1
1.190407 256 40 1
1.189264 512 40 1
1.197902 1024 40 1
2.682890 16 40 2
3.923746 32 40 2
5.467042 64 40 2
7.611918 128 40 2
10.683013 256 40 2
14.946100 512 40 2
21.044209 1024 40 2
4.546008 16 40 3
7.236631 32 40 3
11.416528 64 40 3
17.709282 128 40 3
27.611759 256 40 3
43.468159 512 40 3
68.381927 1024 40 3
6.138786 16 40 4
10.430098 32 40 4
17.158178 64 40 4
28.472317 128 40 4
46.972450 256 40 4
78.057220 512 40 4
130.245224 1024 40 4
