0.984907 16 5 1
2.805217 16 5 2
4.584379 16 5 3
6.450364 16 5 4
1.093625 32 5 1
3.953305 32 5 2
7.431509 32 5 3
10.473661 32 5 4
1.054316 64 5 1
5.376872 64 5 2
11.678514 64 5 3
16.995584 64 5 4
1.108229 128 5 1
7.583717 128 5 2
17.855024 128 5 3
28.421656 128 5 4
1.199959 256 5 1
10.643336 256 5 2
27.547962 256 5 3
47.242912 256 5 4
1.207055 512 5 1
14.866765 512 5 2
43.269329 512 5 3
77.514313 512 5 4
1.193547 1024 5 1
21.046350 1024 5 2
68.556747 1024 5 3
129.562866 1024 5 4
1.184993 2048 5 1
29.775692 2048 5 2
107.348877 2048 5 3
216.646439 2048 5 4
1.201621 4096 5 1
41.794136 4096 5 2
169.356079 4096 5 3
361.178131 4096 5 4
1.199625 8192 5 1
58.902138 8192 5 2
267.236969 8192 5 3
603.560486 8192 5 4
1.200171 16384 5 1
83.154190 16384 5 2
422.454498 16384 5 3
1008.457214 16384 5 4
1.202551 32768 5 1
117.573135 32768 5 2
668.886230 32768 5 3
1689.666382 32768 5 4
1.200484 65536 5 1
165.957687 65536 5 2
1057.998657 65536 5 3
2828.560059 65536 5 4

